 0.0625 0.0624593178424227 0.998047510701228 
 0.125 0.124674733385453 0.992197667231576 
 0.1875 0.186403296762818 0.982473313104598 
 0.25 0.247403959255531 0.968912421715048 
 0.3125 0.307438514581983 0.951567948053586 
 0.375 0.366272529088372 0.930507621918678 
 0.4375 0.423676257207108 0.905813683433177 
 0.5 0.479425538608335 0.877582561898406 
 0.5625 0.533302673541225 0.845924499239797 
 0.625 0.585097272946839 0.810963119514537 
 0.6875 0.63460708002291 0.772834946162264 
 0.75 0.681638760032321 0.731688868883962 
 0.8125 0.726008655271115 0.687685562230862 
 0.875 0.767543502247905 0.640996858173757 
 0.9375 0.806081108274092 0.591805075102838 
 1 0.841470984822852 0.540302305878276 
 1.0625 0.873574935183603 0.48668966771172 
 1.125 0.90226759411721 0.431176516807883 
 1.1875 0.927436917404559 0.373979630833049 
 1.25 0.948984619376834 0.31532236240292 
 1.3125 0.966826556718948 0.255433766895437 
 1.375 0.980893057047395 0.194547707994425 
 1.4375 0.991129190979408 0.132901944456916 
 1.5 0.997494986631031 0.0707372016702918 
 1.5625 0.999965585706463 0.00829623162479475 
 1.625 0.998531340569177 -0.0541771350277971 
 1.6875 0.993197851915734 -0.116438941127648 
 1.75 0.983985946905178 -0.178246055654352 
 1.8125 0.970931597829429 -0.239357123148366 
 1.875 0.954085781642256 -0.299533506198913 
 1.9375 0.933514280895355 -0.358540217317966 
 2 0.909297426858902 -0.416146836561357 
 2.0625 0.881529785829654 -0.47212841131373 
 2.125 0.850319789851589 -0.526266334723691 
 2.1875 0.815789313291096 -0.578349199358881 
 2.25 0.778073196920175 -0.62817362274748 
 2.3125 0.737318721366116 -0.675545041582402 
 2.375 0.693685031983796 -0.720278471486848 
 2.4375 0.647342517396477 -0.762199229374341 
 2.5 0.598472144131878 -0.801143615582436 
 2.5625 0.547264749951756 -0.8369595531164 
 2.625 0.493920298634531 -0.869507181506626 
 2.6875 0.438647099121008 -0.898659402960767 
 2.75 0.381660992072429 -0.924302378677901 
 2.8125 0.323184507017298 -0.946335973386608 
 2.875 0.263445993378345 -0.964674146371068 
 2.9375 0.202678728772911 -0.979245287458207 
 3 0.141120008068846 -0.989992496653897 
 3.0625 0.0790102167531291 -0.996873806336212 
 3.125 0.0165918922316855 -0.999862345138097 
 3.1875 -0.0458912232739939 -0.998946442879475 
 3.25 -0.108195134535011 -0.994129676139058 
 3.3125 -0.170076546111206 -0.985430854287879 
 3.375 -0.231293812414649 -0.9728839460391 
 3.4375 -0.291607881330484 -0.956537946800919 
 3.5 -0.350783227710326 -0.936456687350544 
 3.5625 -0.408588773092922 -0.912718584576377 
 3.625 -0.464798788060602 -0.885416335261745 
 3.6875 -0.519193773707818 -0.854656554105938 
 3.75 -0.571561318779677 -0.820559357396096 
 3.8125 -0.621696929133344 -0.783257893955679 
 3.875 -0.669404826283296 -0.742897825201153 
 3.9375 -0.714498711912115 -0.699636756337286 
 4 -0.756802495361432 -0.653643620912189 
 4.0625 -0.796150981262181 -0.605098021135429 
 4.125 -0.832390514618979 -0.554189526535242 
 4.1875 -0.865379580829592 -0.501116933693584 
 4.25 -0.894989358296434 -0.446087489949735 
 4.3125 -0.921104221472144 -0.389316084103869 
 4.375 -0.943622192374877 -0.33102440728089 
 4.4375 -0.962455338810138 -0.271440087231334 
 4.5 -0.977530117744121 -0.210795799449878 
 4.5625 -0.988787662487685 -0.149328358582504 
 4.625 -0.996184012569512 -0.0872777936703834 
 4.6875 -0.999690285400805 -0.0248864108416018 
 4.75 -0.999292789061186 0.0376021528890831 
 4.8125 -0.994993075765345 0.0999438810175706 
 4.875 -0.986807935801678 0.161895330429644 
 4.9375 -0.974769331966572 0.223214582041122 
 5 -0.958924274750366 0.283662185486703 
 5.0625 -0.939334638762393 0.343002094168522 
 5.125 -0.916076921111954 0.40100258701306 
 5.1875 -0.889241942688748 0.457437173336977 
 5.25 -0.858934493509235 0.512085477288386 
 5.3125 -0.825272923513867 0.564734098409838 
 5.375 -0.788388680413105 0.615177444962539 
 5.4375 -0.74842579638692 0.663218536757694 
 5.5 -0.705540325642214 0.708669774359927 
 5.5625 -0.65989973502448 0.751353671659059 
 5.625 -0.611682250063357 0.791103548949576 
 5.6875 -0.561076159005748 0.827764183811307 
 5.75 -0.508279077554249 0.861192417249655 
 5.8125 -0.453497177182053 0.891257712728405 
 5.875 -0.396944380037767 0.91784266591211 
 5.9375 -0.338841523583994 0.940843463127502 
 6 -0.279415498231769 0.960170286753669 
 6.0625 -0.218898361338363 0.97574766595794 
 6.125 -0.157526431028261 0.987514771407874 
 6.1875 -0.0955393633759521 0.995425652808497 
 6.25 -0.0331792165540814 0.999449418337226 
 6.3125 0.029310494398532 0.999570355275772 
 6.375 0.0916857484979106 0.995787991367969 
 6.4375 0.153702971711639 0.988117096663926 
 6.5 0.215119988110247 0.976587625843293 
 6.5625 0.275696965559033 0.961244601242884 
 6.625 0.335197352257418 0.942147937045411 
 6.6875 0.393388800468661 0.919372205315885 
 6.75 0.450044073832804 0.893006344799295 
 6.8125 0.504941934719789 0.863153313616716 
 6.875 0.557868008157674 0.829929687216048 
 6.9375 0.608615618962309 0.793465203147385 
 7 0.656986598799505 0.753902254440662 
 7.0625 0.702792060028141 0.711395333563915 
 7.125 0.745853133302359 0.666110429133505 
 7.1875 0.786001666052532 0.618224377732122 
 7.25 0.823080879117453 0.56792417336571 
 7.3125 0.856945978963596 0.515406237255882 
 7.375 0.887464723100776 0.460875650819245 
 7.4375 0.914517936486236 0.404545354828866 
 7.5 0.937999976900644 0.346635317885104 
 7.5625 0.957819147478691 0.287371677442934 
 7.625 0.973898054783398 0.226985856750025 
 7.6875 0.986173911025823 0.165713661143914 
 7.75 0.994598779250036 0.103794357237203 
 7.8125 0.999139760525906 0.0414697385865598 
 7.875 0.999779122418722 -0.0210168185059437 
 7.9375 0.996514368233964 -0.0834213053720866 
 8 0.989358246766849 -0.145500033826125 
 8.0625 0.978338702518554 -0.207010587761941 
 8.125 0.963498766573542 -0.267712769782754 
 8.1875 0.94489638856409 -0.327369539166808 
 8.25 0.922604210378223 -0.385747937506324 
 8.3125 0.89670928249469 -0.44261999840509 
 8.375 0.867312724052713 -0.497763637682369 
 8.4375 0.834529327983907 -0.550963520606863 
 8.5 0.798487112748342 -0.602011902774234 
 8.5625 0.759326822425195 -0.650709441344562 
 8.625 0.717201377110133 -0.696865973471859 
 8.6875 0.672275275765612 -0.740301258885922 
 8.75 0.624723953855948 -0.780845683726727 
 8.8125 0.574733098275586 -0.818340922882921 
 8.875 0.522497922245746 -0.852640558248 
 8.9375 0.468222403010977 -0.883610650479875 
 9 0.41211848531238 -0.911130262031137 
 9.0625 0.354405253747928 -0.935091929407597 
 9.125 0.295308077251802 -0.955402082810927 
 9.1875 0.235057729033526 -0.971981411526719 
 9.25 0.17388948541352 -0.98476517363113 
 9.3125 0.112042207074105 -0.99370344880671 
 9.375 0.0497574063136515 -0.99876133328017 
 9.4375 -0.0127216960537792 -0.999919076120872 
 9.5 -0.0751511204705077 -0.99717215636779 
 9.5625 -0.137287081370189 -0.990531300683766 
 9.625 -0.19888693915523 -0.980022441468122 
 9.6875 -0.259710147699229 -0.965686615591196 
 9.75 -0.319519193674448 -0.947579804146237 
 9.8125 -0.378080524036277 -0.925772713844441 
 9.875 -0.435165458042875 -0.900350500906753 
 9.9375 -0.490551080248571 -0.871412438530644 
 10 -0.544021110983911 -0.839071529230406 
