0 4.61126130056161
1 3.43168769890055
2 1.68290298044817
3 3.36411211330635
4 3.49901921278751
5 0.015072452377096
6 3.02077487950249


0 4.61126130056161
0.0869565217391304 4.50868968302586
0.173913043478261 4.40611806549012
0.260869565217391 4.30354644795437
0.347826086956522 4.20097483041863
0.434782608695652 4.09840321288289
0.521739130434783 3.99583159534714
0.608695652173913 3.8932599778114
0.695652173913043 3.79068836027566
0.782608695652174 3.68811674273991
0.869565217391304 3.58554512520417
0.956521739130435 3.48297350766843
1.04347826086957 3.35565358070697
1.1304347826087 3.20358534431981
1.21739130434783 3.05151710793264
1.30434782608696 2.89944887154548
1.39130434782609 2.74738063515832
1.47826086956522 2.59531239877115
1.56521739130435 2.44324416238399
1.65217391304348 2.29117592599682
1.73913043478261 2.13910768960966
1.82608695652174 1.9870394532225
1.91304347826087 1.83497121683533
2 1.68290298044817
2.08695652173913 1.82909507895757
2.17391304347826 1.97528717746698
2.26086956521739 2.12147927597639
2.34782608695652 2.2676713744858
2.43478260869565 2.4138634729952
2.52173913043478 2.56005557150461
2.60869565217391 2.70624767001402
2.69565217391304 2.85243976852343
2.78260869565217 2.99863186703283
2.8695652173913 3.14482396554224
2.95652173913043 3.29101606405165
3.04347826086957 3.36997763937075
3.1304347826087 3.38170869149955
3.21739130434783 3.39343974362834
3.30434782608696 3.40517079575714
3.39130434782609 3.41690184788594
3.47826086956522 3.42863290001473
3.56521739130435 3.44036395214353
3.65217391304348 3.45209500427233
3.73913043478261 3.46382605640112
3.82608695652174 3.47555710852992
3.91304347826087 3.48728816065872
4 3.49901921278751
4.08695652173913 3.19606732057791
4.17391304347826 2.89311542836831
4.26086956521739 2.59016353615871
4.34782608695652 2.28721164394911
4.43478260869565 1.98425975173951
4.52173913043478 1.68130785952991
4.60869565217391 1.3783559673203
4.69565217391304 1.0754040751107
4.78260869565217 0.7724521829011
4.8695652173913 0.469500290691498
4.95652173913043 0.166548398481898
5.04347826086957 0.14575516659994
5.1304347826087 0.407120595045625
5.21739130434783 0.668486023491313
5.30434782608696 0.929851451936998
5.39130434782609 1.19121688038269
5.47826086956522 1.45258230882837
5.56521739130435 1.71394773727406
5.65217391304348 1.97531316571975
5.73913043478261 2.23667859416543
5.82608695652174 2.49804402261112
5.91304347826087 2.75940945105681
6 3.02077487950249


0 0
0.0869565217391304 0.396519607982064
0.173913043478261 0.784119944874063
0.260869565217391 1.162801010676
0.347826086956522 1.53256280538787
0.434782608695652 1.89340532900967
0.521739130434783 2.24532858154141
0.608695652173913 2.58833256298309
0.695652173913043 2.9224172733347
0.782608695652174 3.24758271259625
0.869565217391304 3.56382888076773
0.956521739130435 3.87115577784914
1.04347826086957 4.16902539711385
1.1304347826087 4.45420969820197
1.21739130434783 4.72617067438686
1.30434782608696 4.98490832566852
1.39130434782609 5.23042265204695
1.47826086956522 5.46271365352214
1.56521739130435 5.6817813300941
1.65217391304348 5.88762568176283
1.73913043478261 6.08024670852833
1.82608695652174 6.2596444103906
1.91304347826087 6.42581878734964
2 6.57876983940544
2.08695652173913 6.73146540720569
2.17391304347826 6.89687333139806
2.26086956521739 7.07499361198256
2.34782608695652 7.26582624895917
2.43478260869565 7.46937124232791
2.52173913043478 7.68562859208877
2.60869565217391 7.91459829824176
2.69565217391304 8.15628036078686
2.78260869565217 8.41067477972409
2.8695652173913 8.67778155505344
2.95652173913043 8.95760068677492
3.04347826086957 9.24867064177568
3.1304347826087 9.54222222137874
3.21739130434783 9.83679389247125
3.30434782608696 10.1323856550532
3.39130434782609 10.4289975091247
3.47826086956522 10.7266294546856
3.56521739130435 11.0252814917359
3.65217391304348 11.3249536202757
3.73913043478261 11.625645840305
3.82608695652174 11.9273581518238
3.91304347826087 12.230090554832
4 12.5338430493296
4.08695652173913 12.8249337681716
4.17391304347826 13.0896808442127
4.26086956521739 13.3280842774531
4.34782608695652 13.5401440678925
4.43478260869565 13.7258602155312
4.52173913043478 13.885232720369
4.60869565217391 14.0182615824059
4.69565217391304 14.1249468016421
4.78260869565217 14.2052883780774
4.8695652173913 14.2592863117118
4.95652173913043 14.2869406025454
5.04347826086957 14.2943851344984
5.1304347826087 14.3184232110917
5.21739130434783 14.3651887162455
5.30434782608696 14.4346816499597
5.39130434782609 14.5269020122345
5.47826086956522 14.6418498030698
5.56521739130435 14.7795250224655
5.65217391304348 14.9399276704218
5.73913043478261 15.1230577469385
5.82608695652174 15.3289152520158
5.91304347826087 15.5575001856535
6 15.8088125478517
