0 3.04159265358979 0
0.01 3.04156771498756 -0.00498584982764977
0.03 3.04136850533996 -0.0149301320832527
0.07 3.04037432808043 -0.0347786282477932
0.15 3.03599477715832 -0.0748669928083259
0.236873047170962 3.02754017217617 -0.120219925919855
0.323457289807282 3.01505465611968 -0.168900177737575
0.409967330227569 2.99815890228965 -0.222720343774442
0.495584706125704 2.97656982058821 -0.282901932671234
0.579706170228205 2.94998881455384 -0.350661035714471
0.66185731672444 2.91811806600619 -0.427116739535609
0.741724692665127 2.88064888876929 -0.51330166116729
0.819137697229857 2.83725546851888 -0.610162116707294
0.894037173027304 2.78759259786487 -0.718552944279084
0.966443711316339 2.7312968902004 -0.839223831686313
1.03643356967818 2.66798841141191 -0.972799656816481
1.10412422284857 2.59726892826313 -1.11975951707021
1.17154883096349 2.51630068653264 -1.28531029143319
1.23900638185455 2.42343202984986 -1.47164818967432
1.30655940490453 2.31710140572696 -1.68012188390378
1.374426087546 2.195336750619 -1.91193222654807
1.44303646460253 2.05549001333867 -2.16809730960526
1.513220219281 1.89354339061282 -2.44973763992525
1.58668535497206 1.70227147450607 -2.75911015023506
1.66783063704005 1.46433700362456 -3.10435166436599
1.76350666673865 1.14869858155184 -3.48567526158635
1.83284099159275 0.898659925013041 -3.71870436369207
1.8925834765274 0.671641514300143 -3.87282779761111
1.9477515023471 0.455181761224889 -3.96584401146767
2.00067822564557 0.244050464082443 -4.00358115304931
2.05405065201275 0.0305716721606742 -3.98665037892451
2.10615594436662 -0.175547025188552 -3.91620629119658
2.15875169440518 -0.378514372053734 -3.7935270997522
2.21317208267888 -0.580381484418533 -3.61756315577853
2.27120003113648 -0.783726122969511 -3.38388699410934
2.3358158488124 -0.992797015795935 -3.08104224013237
2.40723657883843 -1.19982405094767 -2.71184152549554
2.48210359072311 -1.38769683187828 -2.30508254391604
2.5683581388509 -1.56607576237062 -1.83154978114388
2.6656835597061 -1.71873755841949 -1.30862834481182
2.75271003873298 -1.81291317522209 -0.858636799418119
2.82731156151075 -1.86301770583708 -0.486603067228486
2.90321946128052 -1.88594106605949 -0.118972849096934
2.98094362915583 -1.88083578420869 0.249252299636976
3.06133618836849 -1.84566924448232 0.625042555163694
3.14475236311444 -1.77735469447335 1.01267094261737
3.23198071242399 -1.67138380095249 1.41678709560126
3.33396246338472 -1.50299189330195 1.88388904796714
3.43981341848951 -1.27873327363356 2.34782587102977
3.52065103653295 -1.07566219969724 2.67003394376246
3.59476564966872 -0.868066594952677 2.92398315178308
3.67036329107322 -0.638996250700522 3.12512576156904
3.73388251372322 -0.436632753184295 3.23711087357824
3.79245721233412 -0.24529384708408 3.28712966422928
3.84856116626829 -0.0607307944093867 3.28367949556088
3.90370420677093 0.119102574875993 3.23061900917984
3.95908249925104 0.295422920751119 3.12950708421137
4.01585800950612 0.469068710235036 2.98015485875367
4.07538734158337 0.64072912024484 2.78036436957576
4.13957011628477 0.811170825217955 2.52464639588475
4.2117050429608 0.981778022321056 2.20016376008172
4.30002419507649 1.15725104487619 1.76885602446937
4.40853265207422 1.31927056304657 1.21521245380648
4.49899651858236 1.40815054875407 0.750160140499091
4.59110059053278 1.45562489027795 0.282024291735081
4.68421287117304 1.46020416091018 -0.181903690320638
4.78474792894031 1.41727027911455 -0.669695821802109
4.90011027061127 1.30873191142934 -1.20729332033343
5.0133272807633 1.14377601487404 -1.69914662017646
5.10042881685826 0.980678769586565 -2.03886291244818
5.17421712303245 0.820785817048086 -2.28810204539747
5.24129524329325 0.660814901266535 -2.47447363382821
5.30398838838433 0.501309694657189 -2.60666100306296
5.36392083863953 0.342377417854434 -2.6896067039335
5.42435943308869 0.178465523158677 -2.72640679599761
5.4827513534205 0.0193621860328579 -2.71541683595083
5.54065486619479 -0.136463208184079 -2.6594579116271
5.59902953181935 -0.288998750290889 -2.55962201721155
5.65890233314697 -0.438141628172517 -2.415776401157
5.72145408037406 -0.583520572216788 -2.22638859936184
5.78824217235621 -0.72443568462986 -1.98782404279632
5.86163305683739 -0.859668493008104 -1.69255319725697
5.94598608583696 -0.987062857602688 -1.32385899244879
6.02883645984472 -1.08108903410224 -0.943925333501876
6.10251691007546 -1.13796748322568 -0.599504165116153
6.17670065748586 -1.16954722233862 -0.252173448828002
6.25176511138268 -1.17539045798842 0.0955412566891336
6.32853090627988 -1.15464370206202 0.443344522740457
6.40758808903801 -1.10583058893804 0.789029958407453
6.48985651905812 -1.02674858388746 1.12972315413362
6.58024637545062 -0.908836145586278 1.47293211541925
6.67011265839315 -0.762737043081952 1.77010541838357
6.747702942739 -0.616914407082583 1.98073164287839
6.81796124985583 -0.472354730038146 2.12669606021741
6.88366741751298 -0.329334280754613 2.21917630069692
6.94653547475479 -0.188171441654534 2.26432256553555
7.00779638750914 -0.0491952474848597 2.26581964629087
7.06844213568019 0.087212430835166 2.22589744789078
7.12936245625928 0.220571937793251 2.14577876868044
7.19144160553174 0.350247462067534 2.02584425194341
7.25564952725323 0.475361363540209 1.86560311919296
7.3231565449353 0.594655196729567 1.66345998029982
7.39551719906261 0.706243456598916 1.4161596472136
7.46460284497452 0.795264446676152 1.15795926384919
7.53106857897566 0.863567466847075 0.895500442457393
7.59798200393616 0.914396799579775 0.622732495497671
7.66452238001233 0.946688767480802 0.347559753206622
7.7313529892152 0.960672745237074 0.0712498813322098
7.79881801991989 0.956165411133347 -0.203950445952803
7.86722810455678 0.932869489607084 -0.475564407825067
7.93691204800797 0.890413496475505 -0.740687234731733
8.00833076183533 0.828286558544877 -0.995935094080735
8.08223585996918 0.745603515011491 -1.2372751241977
8.15795520860385 0.6434860244292 -1.45435413914451
8.22887477932463 0.534114937958572 -1.62413986762697
8.29646870392221 0.419844784247141 -1.75086346121151
8.36461111647747 0.297273454948411 -1.83987154811991
8.42993117330949 0.175375000835805 -1.88589628224135
8.49386210952211 0.0543984974445408 -1.89228398897946
8.55722184390343 -0.0646961466479986 -1.86082755514877
8.62080982360528 -0.181044560914486 -1.79268132906176
8.68541664986797 -0.293677624742477 -1.68842922321813
8.75189308126549 -0.401427498874691 -1.54809498675977
8.82122550088292 -0.502788272606767 -1.37105700220565
8.89444819413309 -0.595476377764753 -1.15645261270486
8.96200158515246 -0.666348715346513 -0.939200161938636
9.02623338337016 -0.719700607053384 -0.720419403863466
9.09011903562393 -0.758562287038543 -0.495252999381889
9.15381161523945 -0.782849133166965 -0.267055608691451
9.21766253837093 -0.79258290276281 -0.0380790458028253
9.28194076776829 -0.7876970583078 0.189307528244654
9.34690308156949 -0.768101183982621 0.412632191910741
9.4128281642344 -0.733694339481456 0.629207874693811
9.480065888598 -0.684344594766507 0.83603282005021
9.54910159645909 -0.619824475812768 1.02964166318588
9.62117453070618 -0.539057014100464 1.20703723143819
9.69813532774802 -0.439908786430852 1.3634398252586
9.77024330018167 -0.337368977660254 1.47458693624955
9.83953351362348 -0.232517021613603 1.54585452471957
9.90693821125088 -0.126976736876756 1.57975789599858
9.97330182464059 -0.0219982549618588 1.57819253057467
10 0.0200104638923682 1.56781993632607
